

TREE # 1
   1   1669.39376 x   0.07871  0.03164  0.05552  0.02019  0.00120  0.05338  0.13597  0.00000  0.00000  0.00000  0.00000  0.02846  0.09419  0.00581  0.04709  0.02078  0.06851  0.05246  0.05887  0.15962  0.14891  0.09505  0.06820  0.04118  0.04704  0.05127  0.00706  0.16884  0.00000  0.03111  0.12766  0.00000  0.12484  0.00000  0.15614  0.03212  0.01803  0.07020  0.02127  0.00086  0.00000  0.00881  0.01796  0.12593  0.04059  0.00000  0.04444  0.05827  0.07280  0.00364  0.07550  0.00000  0.02185  0.06869  0.02860  0.11707  0.05761  1.04330
   2   1667.66832 x   0.08455  0.03255  0.05764  0.02093  0.00001  0.05727  0.14459  0.00000  0.00000  0.00000  0.00000  0.01800  0.10772  0.00935  0.04995  0.01951  0.06948  0.05525  0.05921  0.17011  0.15279  0.09537  0.06905  0.04361  0.04772  0.05292  0.00950  0.17584  0.00000  0.03179  0.13382  0.00000  0.12537  0.00000  0.16149  0.03169  0.02111  0.07320  0.02572  0.00166  0.00000  0.00925  0.01883  0.13173  0.04001  0.00000  0.04367  0.05923  0.07367  0.00784  0.07235  0.00000  0.01644  0.06969  0.03461  0.12257  0.05903  1.01640
   3   1666.96630 x   0.08686  0.03288  0.05919  0.02051  0.00000  0.05907  0.14879  0.00000  0.00000  0.00000  0.00000  0.02082  0.11230  0.01155  0.05088  0.01975  0.07075  0.05669  0.06034  0.17422  0.15542  0.09666  0.07014  0.04466  0.04873  0.05381  0.01026  0.17932  0.00000  0.03245  0.13653  0.00000  0.12759  0.00000  0.16450  0.03180  0.02164  0.07397  0.02692  0.00305  0.00000  0.00941  0.01914  0.13398  0.04062  0.00000  0.04456  0.06010  0.07493  0.01058  0.07251  0.00000  0.01362  0.06934  0.03566  0.12506  0.05983  1.03873
   4   1666.44174 x   0.08894  0.03354  0.06030  0.02069  0.00000  0.06008  0.15131  0.00000  0.00000  0.00000  0.00000  0.02172  0.11440  0.01210  0.05123  0.01992  0.07186  0.05746  0.06129  0.17667  0.15765  0.09786  0.07092  0.04530  0.04933  0.05446  0.01040  0.18160  0.00000  0.03286  0.13814  0.00000  0.12901  0.00000  0.16633  0.03211  0.02177  0.07461  0.02707  0.00762  0.00000  0.00951  0.01936  0.13538  0.04101  0.00000  0.04500  0.06058  0.07569  0.01139  0.07279  0.00000  0.00965  0.06975  0.03570  0.12645  0.06033  1.05029
   5   1666.41086 x   0.08920  0.03363  0.06047  0.02074  0.00000  0.06024  0.15173  0.00000  0.00000  0.00000  0.00000  0.02178  0.11471  0.01213  0.05134  0.01996  0.07206  0.05761  0.06146  0.17710  0.15805  0.09811  0.07110  0.04542  0.04946  0.05460  0.01043  0.18207  0.00000  0.03294  0.13850  0.00000  0.12934  0.00000  0.16676  0.03220  0.02183  0.07481  0.02709  0.00937  0.00000  0.00953  0.01943  0.13570  0.04111  0.00000  0.04511  0.06074  0.07588  0.01143  0.07296  0.00000  0.00989  0.06991  0.03578  0.12674  0.06047  1.05624
   6   1666.40886 x   0.08950  0.03375  0.06067  0.02079  0.00000  0.06043  0.15221  0.00000  0.00000  0.00000  0.00000  0.02186  0.11508  0.01216  0.05145  0.02001  0.07229  0.05777  0.06166  0.17762  0.15854  0.09840  0.07129  0.04555  0.04959  0.05475  0.01046  0.18258  0.00000  0.03303  0.13888  0.00000  0.12968  0.00000  0.16721  0.03229  0.02188  0.07501  0.02712  0.00991  0.00000  0.00955  0.01948  0.13600  0.04120  0.00000  0.04520  0.06086  0.07603  0.01143  0.07312  0.00000  0.00992  0.07005  0.03584  0.12699  0.06058  1.05786
   7   1666.40882 x   0.08955  0.03377  0.06071  0.02080  0.00000  0.06047  0.15229  0.00000  0.00000  0.00000  0.00000  0.02187  0.11514  0.01216  0.05146  0.02002  0.07233  0.05779  0.06169  0.17769  0.15861  0.09844  0.07132  0.04557  0.04961  0.05478  0.01046  0.18266  0.00000  0.03305  0.13893  0.00000  0.12973  0.00000  0.16726  0.03230  0.02189  0.07503  0.02713  0.00991  0.00000  0.00956  0.01949  0.13604  0.04121  0.00000  0.04522  0.06088  0.07606  0.01143  0.07315  0.00000  0.00992  0.07007  0.03585  0.12702  0.06059  1.05907
   8   1666.40882 x   0.08958  0.03377  0.06072  0.02080  0.00000  0.06048  0.15233  0.00000  0.00000  0.00000  0.00000  0.02187  0.11517  0.01216  0.05146  0.02002  0.07235  0.05780  0.06171  0.17772  0.15864  0.09845  0.07133  0.04558  0.04961  0.05479  0.01046  0.18269  0.00000  0.03305  0.13895  0.00000  0.12974  0.00000  0.16729  0.03230  0.02190  0.07504  0.02713  0.00991  0.00000  0.00956  0.01949  0.13606  0.04122  0.00000  0.04522  0.06089  0.07607  0.01143  0.07316  0.00000  0.00992  0.07008  0.03585  0.12704  0.06060  1.05923
   9   1666.40882 x   0.08959  0.03378  0.06073  0.02080  0.00000  0.06049  0.15234  0.00000  0.00000  0.00000  0.00000  0.02188  0.11518  0.01217  0.05146  0.02002  0.07235  0.05780  0.06171  0.17774  0.15866  0.09846  0.07134  0.04558  0.04962  0.05479  0.01046  0.18270  0.00000  0.03305  0.13896  0.00000  0.12975  0.00000  0.16730  0.03230  0.02190  0.07504  0.02714  0.00991  0.00000  0.00956  0.01949  0.13607  0.04122  0.00000  0.04522  0.06089  0.07607  0.01143  0.07316  0.00000  0.00992  0.07009  0.03585  0.12704  0.06060  1.05930
  10   1666.40882 x   0.08959  0.03378  0.06073  0.02080  0.00000  0.06049  0.15235  0.00000  0.00000  0.00000  0.00000  0.02188  0.11518  0.01217  0.05146  0.02002  0.07236  0.05781  0.06171  0.17774  0.15866  0.09846  0.07134  0.04558  0.04962  0.05479  0.01046  0.18270  0.00000  0.03305  0.13896  0.00000  0.12976  0.00000  0.16730  0.03230  0.02190  0.07505  0.02714  0.00991  0.00000  0.00956  0.01949  0.13607  0.04122  0.00000  0.04522  0.06089  0.07607  0.01143  0.07316  0.00000  0.00992  0.07009  0.03585  0.12705  0.06061  1.05932
  11   1666.40882 x   0.08959  0.03378  0.06073  0.02080  0.00000  0.06049  0.15235  0.00000  0.00000  0.00000  0.00000  0.02188  0.11519  0.01217  0.05147  0.02002  0.07236  0.05781  0.06171  0.17774  0.15867  0.09846  0.07134  0.04558  0.04962  0.05479  0.01046  0.18271  0.00000  0.03305  0.13897  0.00000  0.12976  0.00000  0.16730  0.03230  0.02190  0.07505  0.02714  0.00991  0.00000  0.00956  0.01949  0.13607  0.04122  0.00000  0.04523  0.06089  0.07607  0.01143  0.07316  0.00000  0.00992  0.07009  0.03585  0.12705  0.06061  1.05934
