

TREE # 1

  0  0.0000   2074.743516  x:  0.04078   0.03324   0.05586   0.01852   0.02884   0.07937   0.08322   0.01913   0.03262   0.00949   0.02454   0.04666   0.04573   0.00100   0.03777   0.03299   0.06224   0.04981   0.06011   0.09482   0.10616   0.06234   0.05305   0.02274   0.03404   0.07072   0.02404   0.10826   0.03218   0.02141   0.08028   0.01170   0.10101   0.00000   0.10821   0.02800   0.03085   0.07366   0.05272   0.04339   0.00349   0.01250   0.02675   0.07769   0.03709   0.01047   0.05768   0.05803   0.06915   0.03557   0.05824   0.03630   0.03872   0.06032   0.07083   0.07900   0.04452   0.50000  
  1 99.0000   2074.741268  x:  0.04078   0.03324   0.05586   0.01852   0.02884   0.07937   0.08322   0.01913   0.03262   0.00949   0.02454   0.04666   0.04573   0.00100   0.03777   0.03299   0.06224   0.04981   0.06011   0.09482   0.10616   0.06234   0.05305   0.02274   0.03404   0.07072   0.02404   0.10826   0.03218   0.02141   0.08028   0.01170   0.10101   0.00000   0.10821   0.02800   0.03085   0.07366   0.05272   0.04339   0.00348   0.01250   0.02675   0.07769   0.03709   0.01047   0.05768   0.05802   0.06915   0.03557   0.05824   0.03630   0.03872   0.06032   0.07083   0.07900   0.04452   0.50000  
  2 543.3106   2069.115491  x:  0.04325   0.03325   0.05521   0.01889   0.02702   0.07798   0.08488   0.01566   0.02915   0.00601   0.02107   0.04469   0.04845   0.00094   0.03830   0.03191   0.06176   0.04956   0.05986   0.09615   0.10702   0.06333   0.05395   0.02387   0.03430   0.07034   0.02230   0.10971   0.02906   0.02238   0.08157   0.00872   0.10162   0.00000   0.10904   0.02814   0.02949   0.07332   0.05118   0.04069   0.00000   0.01152   0.02564   0.07887   0.03724   0.00769   0.05690   0.05786   0.06916   0.03345   0.05816   0.03285   0.03609   0.06036   0.06929   0.08012   0.04471   0.50125  
  3 1249.4452   2061.704049  x:  0.04359   0.03284   0.05410   0.01823   0.02447   0.07572   0.08639   0.00966   0.02316   0.00000   0.01507   0.04171   0.04913   0.00108   0.03866   0.03030   0.06083   0.04907   0.05920   0.09754   0.10775   0.06373   0.05427   0.02351   0.03402   0.06953   0.02001   0.11124   0.02380   0.02155   0.08268   0.00348   0.10207   0.00000   0.10974   0.02793   0.02788   0.07259   0.04890   0.03645   0.00000   0.01183   0.02456   0.07977   0.03701   0.00308   0.05567   0.05741   0.06874   0.03041   0.05770   0.02690   0.03209   0.06017   0.06675   0.08108   0.04473   0.50285  
  4 2859.2578   2057.207703  x:  0.04374   0.03261   0.05338   0.01757   0.02263   0.07422   0.08769   0.00577   0.01927   0.00000   0.01118   0.03963   0.04958   0.00117   0.03902   0.02920   0.06028   0.04880   0.05885   0.09871   0.10845   0.06421   0.05464   0.02310   0.03388   0.06906   0.01840   0.11251   0.02036   0.02051   0.08367   0.00006   0.10256   0.00000   0.11043   0.02782   0.02670   0.07219   0.04733   0.03354   0.00000   0.01265   0.02378   0.08062   0.03692   0.00000   0.05486   0.05719   0.06861   0.02824   0.05751   0.02303   0.02929   0.06013   0.06508   0.08194   0.04483   0.50412  
  5 35131.3753   2057.146159  x:  0.04369   0.03261   0.05338   0.01757   0.02262   0.07420   0.08772   0.00571   0.01921   0.00000   0.01112   0.03960   0.04954   0.00117   0.03904   0.02920   0.06028   0.04881   0.05886   0.09875   0.10848   0.06422   0.05465   0.02307   0.03388   0.06907   0.01840   0.11256   0.02030   0.02055   0.08370   0.00000   0.10258   0.00000   0.11046   0.02782   0.02671   0.07219   0.04732   0.03350   0.00000   0.01261   0.02379   0.08064   0.03692   0.00000   0.05485   0.05720   0.06862   0.02822   0.05752   0.02297   0.02925   0.06014   0.06505   0.08197   0.04485   0.50417  
  6 696.8981   2053.786351  x:  0.04380   0.03277   0.05403   0.01998   0.02482   0.07400   0.08885   0.00000   0.01336   0.00000   0.00541   0.03979   0.04907   0.00117   0.03936   0.02954   0.06059   0.04983   0.05890   0.10152   0.11065   0.06353   0.05439   0.02551   0.03394   0.06993   0.02001   0.11540   0.01562   0.01784   0.08494   0.00000   0.10454   0.00000   0.11282   0.02811   0.02891   0.07303   0.04764   0.03257   0.00000   0.01238   0.02517   0.08122   0.03604   0.00000   0.05516   0.05808   0.06878   0.02955   0.05800   0.01720   0.02982   0.06090   0.06391   0.08328   0.04555   0.51046  
  7 338.0028   2051.421912  x:  0.04462   0.03281   0.05464   0.01834   0.02628   0.07414   0.08896   0.00000   0.00785   0.00000   0.00000   0.04043   0.04975   0.00125   0.03921   0.02979   0.06083   0.05042   0.05891   0.10303   0.11202   0.06291   0.05410   0.02577   0.03392   0.07061   0.02053   0.11698   0.01158   0.01930   0.08532   0.00000   0.10577   0.00000   0.11434   0.02810   0.02971   0.07369   0.04827   0.03256   0.00000   0.01464   0.02507   0.08123   0.03575   0.00000   0.05542   0.05862   0.06882   0.03108   0.05824   0.01176   0.03093   0.06120   0.06325   0.08386   0.04580   0.51655  
  8 551.1893   2048.767024  x:  0.04549   0.03288   0.05506   0.01592   0.02631   0.07457   0.08882   0.00000   0.00000   0.00000   0.00000   0.04120   0.05079   0.00137   0.03926   0.03011   0.06109   0.05056   0.05902   0.10374   0.11294   0.06286   0.05448   0.02378   0.03397   0.07116   0.01990   0.11788   0.00593   0.01800   0.08543   0.00000   0.10661   0.00000   0.11547   0.02793   0.02858   0.07421   0.04889   0.03312   0.00000   0.01294   0.02388   0.08136   0.03652   0.00000   0.05563   0.05882   0.06907   0.03226   0.05823   0.00403   0.03207   0.06122   0.06292   0.08426   0.04570   0.52499  
  9 533.5993   2047.725515  x:  0.04549   0.03282   0.05494   0.01645   0.02562   0.07464   0.08874   0.00000   0.00000   0.00000   0.00000   0.04122   0.05069   0.00142   0.03935   0.03016   0.06105   0.05036   0.05898   0.10362   0.11292   0.06297   0.05477   0.02360   0.03399   0.07115   0.01933   0.11788   0.00289   0.01805   0.08535   0.00000   0.10664   0.00000   0.11555   0.02795   0.02776   0.07418   0.04884   0.03320   0.00000   0.01314   0.02359   0.08144   0.03670   0.00000   0.05553   0.05865   0.06913   0.03215   0.05805   0.00000   0.03205   0.06107   0.06280   0.08427   0.04552   0.52873  
 10 567.4775   2047.118052  x:  0.04547   0.03272   0.05470   0.01594   0.02511   0.07447   0.08879   0.00000   0.00000   0.00000   0.00000   0.04089   0.05058   0.00148   0.03940   0.02994   0.06087   0.05021   0.05884   0.10348   0.11279   0.06297   0.05479   0.02411   0.03392   0.07099   0.01899   0.11784   0.00000   0.01804   0.08526   0.00000   0.10656   0.00000   0.11541   0.02806   0.02770   0.07400   0.04855   0.03291   0.00000   0.01298   0.02373   0.08145   0.03654   0.00000   0.05536   0.05844   0.06908   0.03173   0.05789   0.00000   0.03162   0.06094   0.06259   0.08420   0.04538   0.53146  
 11 637.6908   2040.258459  x:  0.05676   0.03064   0.04734   0.01834   0.02528   0.05867   0.08861   0.00000   0.00000   0.00000   0.00000   0.02391   0.05845   0.00265   0.03724   0.02067   0.05186   0.04958   0.05003   0.10630   0.10836   0.04860   0.04255   0.00854   0.02740   0.06225   0.01885   0.12043   0.00000   0.01725   0.08128   0.00000   0.10451   0.00000   0.10924   0.02486   0.03708   0.06592   0.03529   0.00825   0.00000   0.01128   0.01833   0.07605   0.03272   0.00000   0.04888   0.05369   0.06162   0.01835   0.05401   0.00000   0.01014   0.05781   0.04789   0.07938   0.04254   0.58629  
 12 258.9986   2039.041182  x:  0.05284   0.02999   0.04601   0.01798   0.02884   0.04766   0.08740   0.00000   0.00000   0.00000   0.00000   0.01923   0.05902   0.00284   0.03663   0.01952   0.04870   0.05080   0.04657   0.11215   0.10807   0.04448   0.04189   0.01247   0.02880   0.05913   0.01804   0.12398   0.00000   0.01702   0.08145   0.00000   0.10417   0.00000   0.10934   0.01840   0.03299   0.06343   0.03111   0.00841   0.00000   0.01055   0.00959   0.07332   0.03739   0.00000   0.04589   0.05395   0.05727   0.01696   0.05373   0.00000   0.01072   0.05699   0.03786   0.07895   0.04345   0.58684  
 13 95.0958   2038.320412  x:  0.05160   0.02938   0.04487   0.01767   0.03132   0.03722   0.08583   0.00000   0.00000   0.00000   0.00000   0.01778   0.06194   0.00296   0.03637   0.01874   0.04581   0.05146   0.04351   0.11812   0.10777   0.04308   0.04301   0.01168   0.03003   0.05636   0.01529   0.12740   0.00000   0.01650   0.08185   0.00000   0.10349   0.00000   0.10997   0.01781   0.02637   0.06116   0.02838   0.01057   0.00000   0.01077   0.01582   0.07103   0.03978   0.00000   0.04257   0.05406   0.05313   0.01730   0.05308   0.00000   0.01231   0.05571   0.02828   0.07905   0.04422   0.58425  
 14 118.1604   2037.931099  x:  0.05024   0.02893   0.04426   0.01733   0.03281   0.03324   0.08452   0.00000   0.00000   0.00000   0.00000   0.02119   0.06205   0.00302   0.03723   0.01842   0.04432   0.05169   0.04220   0.12350   0.10738   0.04510   0.04415   0.01177   0.02933   0.05504   0.01267   0.13027   0.00000   0.01641   0.08234   0.00000   0.10249   0.00000   0.11112   0.02370   0.02214   0.05991   0.02919   0.00735   0.00000   0.01045   0.01394   0.07005   0.03702   0.00000   0.04028   0.05397   0.05105   0.02010   0.05185   0.00000   0.01135   0.05448   0.02582   0.08009   0.04474   0.57814  
 15 51.5937   2037.430568  x:  0.05130   0.02853   0.04288   0.01704   0.03203   0.03389   0.08412   0.00000   0.00000   0.00000   0.00000   0.02092   0.06240   0.00322   0.03895   0.01599   0.04246   0.05115   0.04137   0.13250   0.10707   0.04827   0.04469   0.01071   0.02749   0.05379   0.00848   0.13539   0.00000   0.01604   0.08347   0.00000   0.10111   0.00000   0.11354   0.02165   0.01976   0.05837   0.02990   0.01199   0.00000   0.01046   0.01252   0.07040   0.03091   0.00000   0.03761   0.05301   0.05020   0.02121   0.04897   0.00000   0.00733   0.05259   0.02727   0.08292   0.04474   0.56993  
 16 42.5655   2036.798665  x:  0.05301   0.02843   0.04124   0.01620   0.02705   0.03746   0.08445   0.00000   0.00000   0.00000   0.00000   0.01861   0.06337   0.00345   0.04107   0.01327   0.04110   0.04977   0.04134   0.14304   0.10635   0.05140   0.04582   0.00990   0.02701   0.05303   0.00511   0.14101   0.00000   0.01540   0.08484   0.00000   0.09911   0.00000   0.11638   0.01715   0.01735   0.05703   0.02991   0.00802   0.00000   0.01106   0.01298   0.07205   0.02821   0.00000   0.03585   0.05141   0.05096   0.01975   0.04592   0.00000   0.01318   0.05050   0.02982   0.08640   0.04413   0.55772  
 17 82.4694   2035.692911  x:  0.05515   0.02903   0.04026   0.01323   0.01282   0.04247   0.08619   0.00000   0.00000   0.00000   0.00000   0.01645   0.06692   0.00365   0.04303   0.01371   0.04164   0.04745   0.04252   0.15692   0.10553   0.05226   0.04832   0.00948   0.03006   0.05402   0.01054   0.14771   0.00000   0.01436   0.08660   0.00000   0.09684   0.00000   0.12064   0.02077   0.01560   0.05708   0.02839   0.00784   0.00000   0.01335   0.01287   0.07578   0.03796   0.00000   0.03722   0.04950   0.05434   0.01447   0.04520   0.00000   0.01053   0.04913   0.02986   0.09026   0.04268   0.54023  
 18 72.9359   2035.271410  x:  0.05510   0.02961   0.04104   0.01284   0.01124   0.04153   0.09033   0.00000   0.00000   0.00000   0.00000   0.01838   0.06886   0.00393   0.04214   0.01553   0.04321   0.04718   0.04407   0.15639   0.10621   0.05283   0.04930   0.00960   0.03046   0.05506   0.00371   0.14696   0.00000   0.01387   0.08802   0.00000   0.09806   0.00000   0.12092   0.01950   0.01734   0.05871   0.02661   0.00659   0.00000   0.01412   0.01325   0.07866   0.04102   0.00000   0.03921   0.05033   0.05641   0.01328   0.04956   0.00000   0.00830   0.05165   0.02903   0.09003   0.04310   0.53373  
 19 43.5958   2034.892902  x:  0.05488   0.02964   0.04095   0.01250   0.01311   0.03791   0.09856   0.00000   0.00000   0.00000   0.00000   0.01607   0.07111   0.00404   0.04174   0.01228   0.04423   0.04680   0.04542   0.14980   0.10853   0.05597   0.05110   0.00856   0.02856   0.05569   0.00418   0.14366   0.00000   0.01355   0.09113   0.00000   0.10126   0.00000   0.11998   0.02124   0.01482   0.06021   0.02415   0.00782   0.00000   0.01487   0.01191   0.08344   0.03934   0.00000   0.03937   0.05145   0.05828   0.01107   0.05477   0.00000   0.00984   0.05504   0.02869   0.08936   0.04417   0.52954  
 20 45.4929   2034.792420  x:  0.05471   0.02963   0.04078   0.01225   0.01299   0.03677   0.10092   0.00000   0.00000   0.00000   0.00000   0.01581   0.07204   0.00397   0.04233   0.01264   0.04422   0.04702   0.04521   0.14640   0.11024   0.05701   0.05184   0.00869   0.02909   0.05550   0.00577   0.14258   0.00000   0.01349   0.09255   0.00000   0.10285   0.00000   0.11984   0.01929   0.01353   0.06013   0.02541   0.00657   0.00000   0.01509   0.01240   0.08450   0.03926   0.00000   0.03820   0.05178   0.05800   0.01273   0.05502   0.00000   0.00847   0.05498   0.02915   0.08951   0.04457   0.52790  
 21 33.8648   2034.687000  x:  0.05464   0.02960   0.04013   0.01238   0.01182   0.03575   0.10358   0.00000   0.00000   0.00000   0.00000   0.01566   0.07305   0.00390   0.04368   0.01389   0.04352   0.04758   0.04411   0.14152   0.11355   0.05766   0.05206   0.00821   0.03047   0.05449   0.00549   0.14211   0.00000   0.01341   0.09494   0.00000   0.10535   0.00000   0.12014   0.01962   0.01575   0.05909   0.02707   0.00706   0.00000   0.01530   0.01192   0.08520   0.03939   0.00000   0.03571   0.05188   0.05658   0.01253   0.05313   0.00000   0.00915   0.05339   0.02880   0.09065   0.04509   0.52616  
 22 29.3662   2034.590505  x:  0.05504   0.02995   0.04014   0.01255   0.01350   0.03808   0.10477   0.00000   0.00000   0.00000   0.00000   0.01619   0.07324   0.00386   0.04399   0.01347   0.04305   0.04821   0.04371   0.13696   0.11736   0.05662   0.05064   0.00891   0.03038   0.05375   0.00480   0.14294   0.00000   0.01346   0.09687   0.00000   0.10770   0.00000   0.12119   0.02017   0.01441   0.05816   0.02605   0.00684   0.00000   0.01522   0.01232   0.08484   0.04045   0.00000   0.03577   0.05187   0.05556   0.01121   0.05061   0.00000   0.00864   0.05151   0.02867   0.09251   0.04537   0.52354  
 23 20.5908   2034.485870  x:  0.05614   0.02984   0.04008   0.01323   0.01114   0.03809   0.10459   0.00000   0.00000   0.00000   0.00000   0.01522   0.07312   0.00377   0.04285   0.01226   0.04315   0.04782   0.04421   0.13344   0.12056   0.05613   0.05021   0.00942   0.02924   0.05333   0.00462   0.14503   0.00000   0.01368   0.09786   0.00000   0.10887   0.00000   0.12244   0.02073   0.01482   0.05758   0.02343   0.00692   0.00000   0.01481   0.01235   0.08397   0.03976   0.00000   0.03752   0.05144   0.05548   0.01402   0.04995   0.00000   0.00880   0.05118   0.02793   0.09433   0.04514   0.52051  
 24 16.3744   2034.260877  x:  0.05907   0.02890   0.03928   0.01419   0.01034   0.03603   0.10270   0.00000   0.00000   0.00000   0.00000   0.01567   0.07300   0.00342   0.04038   0.01370   0.04435   0.04518   0.04564   0.12965   0.12389   0.05718   0.05229   0.01016   0.02891   0.05348   0.00648   0.14984   0.00000   0.01435   0.09746   0.00000   0.10818   0.00000   0.12412   0.01975   0.01555   0.05734   0.02428   0.00641   0.00000   0.01381   0.01254   0.08270   0.03587   0.00000   0.03929   0.04994   0.05683   0.01041   0.05026   0.00000   0.00848   0.05311   0.02604   0.09693   0.04372   0.51670  
 25 17.8948   2034.048396  x:  0.06083   0.02909   0.03787   0.01515   0.01285   0.03570   0.10297   0.00000   0.00000   0.00000   0.00000   0.01177   0.07347   0.00315   0.04105   0.01344   0.04442   0.04334   0.04564   0.12945   0.12331   0.05751   0.05332   0.01096   0.03151   0.05346   0.00571   0.15314   0.00000   0.01490   0.09630   0.00000   0.10540   0.00000   0.12362   0.02138   0.01665   0.05719   0.02481   0.00598   0.00000   0.01324   0.01310   0.08399   0.03629   0.00000   0.03711   0.04894   0.05797   0.01073   0.05143   0.00000   0.00782   0.05509   0.02816   0.09701   0.04316   0.51605  
 26 19.0798   2033.778567  x:  0.06304   0.02991   0.03618   0.01639   0.01253   0.03520   0.10690   0.00000   0.00000   0.00000   0.00000   0.01553   0.07508   0.00275   0.04386   0.01033   0.04302   0.04320   0.04446   0.13186   0.12000   0.05748   0.05225   0.01219   0.03262   0.05260   0.00698   0.15613   0.00000   0.01556   0.09557   0.00000   0.10149   0.00000   0.12100   0.02109   0.01824   0.05661   0.02253   0.00612   0.00000   0.01262   0.01373   0.08774   0.03675   0.00000   0.03317   0.04869   0.05845   0.01028   0.05319   0.00000   0.00788   0.05675   0.03034   0.09543   0.04407   0.51703  
 27 35.3924   2033.526021  x:  0.06511   0.03057   0.03716   0.01724   0.01079   0.03663   0.11305   0.00000   0.00000   0.00000   0.00000   0.01414   0.07739   0.00230   0.04652   0.01429   0.04173   0.04672   0.04312   0.13675   0.11434   0.05761   0.04940   0.01378   0.02970   0.05162   0.00771   0.15606   0.00000   0.01622   0.09629   0.00000   0.09909   0.00000   0.11682   0.02170   0.01751   0.05626   0.02299   0.00640   0.00000   0.01182   0.01418   0.09141   0.03460   0.00000   0.03413   0.05022   0.05733   0.00983   0.05411   0.00000   0.00840   0.05554   0.02960   0.09248   0.04648   0.51792  
 28 35.1779   2033.419459  x:  0.06556   0.02967   0.03832   0.01789   0.01094   0.03741   0.11577   0.00000   0.00000   0.00000   0.00000   0.01389   0.07824   0.00223   0.04607   0.01138   0.04156   0.04798   0.04348   0.14005   0.11075   0.05836   0.05114   0.01394   0.03085   0.05204   0.00766   0.15309   0.00000   0.01656   0.09802   0.00000   0.10011   0.00000   0.11508   0.02165   0.01860   0.05646   0.02492   0.00619   0.00000   0.01148   0.01429   0.09155   0.03432   0.00000   0.03690   0.05074   0.05652   0.00988   0.05287   0.00000   0.00799   0.05313   0.02789   0.09175   0.04651   0.51820  
 29 21.8268   2033.342228  x:  0.06642   0.02916   0.03806   0.01786   0.01174   0.03690   0.11738   0.00000   0.00000   0.00000   0.00000   0.01413   0.07862   0.00221   0.04514   0.01283   0.04235   0.04748   0.04379   0.14349   0.10835   0.05864   0.05271   0.01394   0.03143   0.05266   0.00815   0.14854   0.00000   0.01685   0.10019   0.00000   0.10283   0.00000   0.11458   0.02165   0.01906   0.05658   0.02232   0.00614   0.00000   0.01119   0.01432   0.09015   0.03391   0.00000   0.03679   0.05017   0.05653   0.01010   0.05099   0.00000   0.00800   0.05231   0.02895   0.09271   0.04521   0.51866  
 30 15.5597   2033.258967  x:  0.06772   0.03053   0.03752   0.01801   0.01077   0.03622   0.11769   0.00000   0.00000   0.00000   0.00000   0.01403   0.07886   0.00234   0.04481   0.01203   0.04260   0.04645   0.04378   0.14684   0.10773   0.05740   0.05134   0.01462   0.02989   0.05295   0.00760   0.14273   0.00000   0.01723   0.10187   0.00000   0.10627   0.00000   0.11537   0.02206   0.01850   0.05681   0.02449   0.00635   0.00000   0.01067   0.01455   0.08790   0.03463   0.00000   0.03533   0.04971   0.05739   0.00992   0.05102   0.00000   0.00820   0.05448   0.02958   0.09465   0.04468   0.51836  
 31 13.6200   2033.085547  x:  0.06977   0.02955   0.03667   0.01779   0.01103   0.03954   0.11449   0.00000   0.00000   0.00000   0.00000   0.01421   0.08074   0.00256   0.04884   0.01249   0.04054   0.04594   0.04283   0.14864   0.11055   0.05929   0.05142   0.01448   0.03251   0.05183   0.00762   0.13440   0.00000   0.01803   0.10055   0.00000   0.10696   0.00000   0.11793   0.02188   0.01853   0.05602   0.02356   0.00647   0.00000   0.00975   0.01434   0.08760   0.03358   0.00000   0.03591   0.04978   0.05826   0.01061   0.05400   0.00000   0.00825   0.05690   0.02638   0.09674   0.04713   0.51865  
 32  8.6213   2032.694563  x:  0.07214   0.03021   0.04075   0.01746   0.01164   0.03504   0.10857   0.00000   0.00000   0.00000   0.00000   0.01440   0.08757   0.00338   0.04972   0.01221   0.04091   0.05006   0.04415   0.14763   0.11677   0.06274   0.05392   0.01516   0.03098   0.05130   0.00657   0.12922   0.00000   0.01988   0.09667   0.00000   0.10316   0.00000   0.12193   0.02189   0.01906   0.05665   0.02376   0.00679   0.00000   0.00771   0.01464   0.09131   0.03636   0.00000   0.03877   0.05207   0.05642   0.00941   0.05397   0.00000   0.00856   0.05389   0.03237   0.09739   0.04826   0.52168  
 33 13.1711   2032.275776  x:  0.07424   0.03119   0.03871   0.01661   0.01247   0.03835   0.11094   0.00000   0.00000   0.00000   0.00000   0.01576   0.09455   0.00443   0.04489   0.01348   0.04568   0.04894   0.04580   0.14249   0.11713   0.06221   0.05552   0.01544   0.03137   0.05472   0.00535   0.13541   0.00000   0.02181   0.09784   0.00000   0.09992   0.00000   0.12064   0.02224   0.01785   0.05872   0.02605   0.00790   0.00000   0.00525   0.01421   0.09497   0.03679   0.00000   0.03615   0.05159   0.05754   0.01227   0.05214   0.00000   0.00944   0.05272   0.02878   0.09429   0.04470   0.52210  
 34 18.4075   2032.164170  x:  0.07520   0.03106   0.03981   0.01607   0.01239   0.03798   0.11194   0.00000   0.00000   0.00000   0.00000   0.01631   0.09639   0.00470   0.04712   0.01402   0.04414   0.04688   0.04474   0.13919   0.11323   0.06199   0.05682   0.01532   0.03271   0.05478   0.00488   0.14108   0.00000   0.02221   0.09984   0.00000   0.10170   0.00000   0.11814   0.02244   0.01720   0.05860   0.02660   0.00826   0.00000   0.00491   0.01413   0.09089   0.03711   0.00000   0.03910   0.05149   0.05775   0.01241   0.05114   0.00000   0.00979   0.05581   0.03072   0.09391   0.04730   0.52354  
 35 16.7027   2032.144311  x:  0.07536   0.03132   0.04017   0.01601   0.01264   0.03850   0.11123   0.00000   0.00000   0.00000   0.00000   0.01620   0.09670   0.00471   0.04825   0.01399   0.04394   0.04792   0.04562   0.13803   0.11132   0.06351   0.05736   0.01538   0.03162   0.05446   0.00493   0.14243   0.00000   0.02227   0.10004   0.00000   0.10268   0.00000   0.11761   0.02231   0.01763   0.05863   0.02642   0.00821   0.00000   0.00494   0.01418   0.08927   0.03796   0.00000   0.03823   0.05188   0.05793   0.01241   0.05197   0.00000   0.00974   0.05581   0.03024   0.09461   0.04663   0.52412  
 36  8.2414   2032.131975  x:  0.07542   0.03120   0.03974   0.01599   0.01231   0.03820   0.11055   0.00000   0.00000   0.00000   0.00000   0.01616   0.09675   0.00475   0.04809   0.01388   0.04443   0.04907   0.04547   0.13736   0.10985   0.06353   0.05635   0.01537   0.03291   0.05474   0.00486   0.14299   0.00000   0.02235   0.09982   0.00000   0.10374   0.00000   0.11771   0.02239   0.01727   0.05892   0.02636   0.00825   0.00000   0.00486   0.01418   0.08934   0.03738   0.00000   0.03807   0.05236   0.05810   0.01220   0.05302   0.00000   0.00977   0.05506   0.03057   0.09564   0.04653   0.52439  
 37  2.8441   2032.065754  x:  0.07533   0.03140   0.03885   0.01578   0.01304   0.03802   0.10911   0.00000   0.00000   0.00000   0.00000   0.01633   0.09729   0.00494   0.04703   0.01411   0.04500   0.04727   0.04319   0.13545   0.10559   0.06405   0.05634   0.01568   0.03150   0.05397   0.00488   0.14342   0.00000   0.02242   0.09906   0.00000   0.10572   0.00000   0.11903   0.02231   0.01782   0.05888   0.02676   0.00831   0.00000   0.00535   0.01424   0.09347   0.03804   0.00000   0.03869   0.05130   0.05842   0.01268   0.05309   0.00000   0.00980   0.05378   0.03011   0.09849   0.04833   0.52608  
 38  2.5574   2031.726744  x:  0.07539   0.03167   0.04507   0.01492   0.01148   0.03901   0.10896   0.00000   0.00000   0.00000   0.00000   0.01619   0.09883   0.00600   0.04720   0.01437   0.04250   0.04700   0.04947   0.13078   0.10065   0.06008   0.05847   0.01673   0.03383   0.05486   0.00388   0.14316   0.00000   0.02315   0.09774   0.00000   0.10712   0.00000   0.12122   0.02311   0.01716   0.05887   0.02640   0.00856   0.00000   0.00740   0.01436   0.09917   0.03426   0.00000   0.03549   0.05191   0.05614   0.01283   0.04919   0.00000   0.00970   0.05786   0.02902   0.09766   0.04739   0.53388  
 39  5.5205   2031.033297  x:  0.07713   0.02608   0.03613   0.01393   0.01019   0.03943   0.11566   0.00000   0.00000   0.00000   0.00000   0.01686   0.10032   0.00800   0.04894   0.01433   0.04443   0.04847   0.04665   0.12731   0.10626   0.06465   0.05906   0.01917   0.03383   0.05774   0.00118   0.14351   0.00000   0.02462   0.10021   0.00000   0.10280   0.00000   0.11745   0.02446   0.01652   0.05928   0.02810   0.00953   0.00000   0.01184   0.01518   0.09175   0.03409   0.00000   0.03847   0.05336   0.05777   0.01232   0.05177   0.00000   0.01009   0.05580   0.03212   0.08844   0.04159   0.55288  
 40 17.9519   2030.889247  x:  0.07744   0.03209   0.03762   0.01372   0.00972   0.04001   0.11698   0.00000   0.00000   0.00000   0.00000   0.01670   0.09989   0.00845   0.04678   0.01411   0.04624   0.04779   0.04507   0.12705   0.10874   0.06757   0.05930   0.01932   0.03570   0.05781   0.00101   0.14340   0.00000   0.02504   0.10085   0.00000   0.10082   0.00000   0.11417   0.02458   0.01658   0.05983   0.02749   0.00955   0.00000   0.01267   0.01523   0.08800   0.03300   0.00000   0.03757   0.05235   0.05902   0.01198   0.05320   0.00000   0.00999   0.05313   0.03193   0.08715   0.04414   0.55773  
 41 28.5293   2030.867827  x:  0.07773   0.03025   0.03866   0.01377   0.00965   0.04021   0.11728   0.00000   0.00000   0.00000   0.00000   0.01672   0.09968   0.00853   0.04542   0.01416   0.04665   0.04746   0.04597   0.12737   0.10965   0.06808   0.05867   0.01939   0.03587   0.05701   0.00097   0.14347   0.00000   0.02509   0.10103   0.00000   0.10024   0.00000   0.11192   0.02468   0.01650   0.06009   0.02763   0.00958   0.00000   0.01273   0.01528   0.08750   0.03340   0.00000   0.03654   0.05180   0.05933   0.01203   0.05365   0.00000   0.01002   0.05268   0.03207   0.08838   0.04586   0.55862  
 42  9.2535   2030.860783  x:  0.07782   0.03070   0.03846   0.01371   0.00980   0.04003   0.11723   0.00000   0.00000   0.00000   0.00000   0.01683   0.09952   0.00855   0.04565   0.01426   0.04645   0.04717   0.04641   0.12763   0.11024   0.06802   0.05851   0.01939   0.03608   0.05643   0.00097   0.14350   0.00000   0.02509   0.10101   0.00000   0.10011   0.00000   0.10990   0.02470   0.01646   0.06006   0.02776   0.00964   0.00000   0.01281   0.01526   0.08811   0.03341   0.00000   0.03713   0.05198   0.05911   0.01220   0.05365   0.00000   0.01007   0.05281   0.03199   0.08980   0.04500   0.55918  
 43  2.8772   2030.832343  x:  0.07740   0.03053   0.03825   0.01378   0.00943   0.04056   0.11567   0.00000   0.00000   0.00000   0.00000   0.01661   0.09961   0.00860   0.04557   0.01392   0.04700   0.04836   0.04457   0.12794   0.11131   0.06821   0.05963   0.01945   0.03548   0.05855   0.00080   0.14354   0.00000   0.02511   0.10041   0.00000   0.10122   0.00000   0.10715   0.02474   0.01660   0.06069   0.02738   0.00952   0.00000   0.01277   0.01534   0.08907   0.03337   0.00000   0.03666   0.05318   0.05914   0.01205   0.05221   0.00000   0.00991   0.05445   0.03177   0.09045   0.04549   0.56026  
 44  1.1646   2030.361201  x:  0.07447   0.03075   0.03767   0.01390   0.00906   0.04008   0.11370   0.00000   0.00000   0.00000   0.00000   0.01644   0.09817   0.00907   0.04964   0.01372   0.04614   0.04750   0.04833   0.12918   0.11418   0.06783   0.06067   0.02053   0.03403   0.06186   0.00000   0.14427   0.00000   0.02557   0.10105   0.00000   0.10778   0.00000   0.10522   0.02521   0.01705   0.05826   0.02710   0.00947   0.00000   0.01203   0.01599   0.09396   0.03275   0.00000   0.03691   0.04716   0.06273   0.01136   0.05347   0.00000   0.00941   0.05167   0.03204   0.08816   0.04730   0.57673  
 45  2.9799   2028.944641  x:  0.06774   0.03010   0.04114   0.01441   0.00565   0.04622   0.12210   0.00000   0.00000   0.00000   0.00000   0.01559   0.08538   0.01133   0.04559   0.01332   0.04364   0.03853   0.04627   0.12912   0.11542   0.07563   0.06309   0.02401   0.03383   0.05045   0.00000   0.14355   0.00000   0.02748   0.10660   0.00000   0.11168   0.00000   0.11764   0.02720   0.01910   0.05925   0.02515   0.00875   0.00000   0.00873   0.01859   0.10403   0.03279   0.00000   0.03628   0.05886   0.06101   0.00871   0.05652   0.00000   0.00738   0.05490   0.03432   0.09371   0.04444   0.64708  
 46 39.2945   2028.535287  x:  0.06857   0.03162   0.03805   0.01407   0.00609   0.04472   0.12923   0.00000   0.00000   0.00000   0.00000   0.01556   0.07943   0.01202   0.04733   0.01304   0.04680   0.04582   0.04827   0.12621   0.11251   0.07874   0.06228   0.02478   0.03432   0.05103   0.00000   0.14081   0.00000   0.02779   0.10752   0.00000   0.10314   0.00000   0.12398   0.02725   0.01965   0.06021   0.02487   0.00874   0.00000   0.00844   0.01910   0.10474   0.03408   0.00000   0.03871   0.05354   0.06190   0.00954   0.05015   0.00000   0.00680   0.06075   0.03228   0.10295   0.04757   0.66905  
 47 44.2431   2028.501387  x:  0.06734   0.03100   0.03995   0.01417   0.00614   0.04447   0.13084   0.00000   0.00000   0.00000   0.00000   0.01549   0.08039   0.01203   0.04894   0.01296   0.04668   0.04481   0.04707   0.12561   0.11220   0.07803   0.06201   0.02492   0.03373   0.05405   0.00000   0.14028   0.00000   0.02778   0.10725   0.00000   0.10096   0.00000   0.12472   0.02719   0.01979   0.06046   0.02476   0.00872   0.00000   0.00840   0.01914   0.10392   0.03371   0.00000   0.03853   0.05312   0.06224   0.00960   0.05067   0.00000   0.00674   0.05986   0.03194   0.10586   0.04668   0.67062  
 48 10.9493   2028.495076  x:  0.06656   0.03122   0.03908   0.01419   0.00609   0.04477   0.13133   0.00000   0.00000   0.00000   0.00000   0.01550   0.08124   0.01204   0.04878   0.01301   0.04636   0.04494   0.04753   0.12559   0.11219   0.07693   0.06308   0.02493   0.03338   0.05411   0.00000   0.14020   0.00000   0.02777   0.10675   0.00000   0.10061   0.00000   0.12486   0.02725   0.01984   0.06044   0.02482   0.00870   0.00000   0.00840   0.01915   0.10337   0.03340   0.00000   0.03845   0.05361   0.06238   0.00956   0.05104   0.00000   0.00672   0.05947   0.03218   0.10671   0.04733   0.67101  
 49  2.9328   2028.446262  x:  0.06783   0.03081   0.04071   0.01416   0.00615   0.04516   0.13384   0.00000   0.00000   0.00000   0.00000   0.01571   0.08000   0.01220   0.04984   0.01285   0.04857   0.04642   0.04582   0.12632   0.11315   0.07474   0.06605   0.02511   0.03316   0.05208   0.00000   0.14101   0.00000   0.02788   0.10349   0.00000   0.10249   0.00000   0.12528   0.02752   0.01956   0.05969   0.02518   0.00881   0.00000   0.00839   0.01918   0.10321   0.03309   0.00000   0.03828   0.05279   0.06361   0.00975   0.05212   0.00000   0.00684   0.05925   0.03240   0.10746   0.04665   0.67290  
 50  0.7436   2027.872865  x:  0.07322   0.03271   0.04063   0.01642   0.00891   0.04564   0.14443   0.00000   0.00000   0.00000   0.00000   0.01713   0.07614   0.01328   0.05027   0.01462   0.04535   0.04412   0.05165   0.13346   0.12125   0.08200   0.06657   0.02739   0.03426   0.06102   0.00000   0.14785   0.00000   0.02893   0.09038   0.00000   0.11592   0.00000   0.13168   0.02882   0.02007   0.06421   0.02679   0.00932   0.00000   0.00868   0.02012   0.10497   0.03657   0.00000   0.04004   0.05792   0.06266   0.01136   0.05308   0.00000   0.00772   0.05909   0.03298   0.11124   0.05082   0.69841  
 51  5.4065   2026.521123  x:  0.06227   0.03516   0.04797   0.02352   0.01561   0.05269   0.13895   0.00000   0.00000   0.00000   0.00000   0.02054   0.09437   0.01563   0.05279   0.01590   0.05572   0.05170   0.05536   0.14899   0.13861   0.08881   0.06872   0.03342   0.03747   0.06089   0.00000   0.16040   0.00000   0.03088   0.11616   0.00000   0.12853   0.00000   0.14651   0.03202   0.02306   0.07147   0.03033   0.01012   0.00000   0.01047   0.02263   0.11499   0.03609   0.00000   0.04627   0.05802   0.06926   0.01342   0.06169   0.00000   0.00928   0.07140   0.03869   0.11847   0.05324   0.76875  
 52 32.1176   2026.358670  x:  0.06860   0.03547   0.04828   0.02335   0.01687   0.05173   0.13559   0.00000   0.00000   0.00000   0.00000   0.02094   0.08866   0.01612   0.05527   0.01636   0.05550   0.05200   0.05619   0.14947   0.13966   0.08484   0.07276   0.03396   0.03650   0.06380   0.00000   0.16108   0.00000   0.03124   0.12583   0.00000   0.12646   0.00000   0.14769   0.03225   0.02307   0.07185   0.03085   0.01024   0.00000   0.01062   0.02272   0.11788   0.03654   0.00000   0.04548   0.06344   0.07288   0.01384   0.06421   0.00000   0.00948   0.06885   0.03858   0.11932   0.05602   0.77640  
 53 20.1622   2026.356123  x:  0.06889   0.03550   0.04823   0.02333   0.01681   0.05198   0.13558   0.00000   0.00000   0.00000   0.00000   0.02096   0.08835   0.01614   0.05497   0.01642   0.05496   0.05230   0.05594   0.14951   0.13973   0.08468   0.07319   0.03394   0.03642   0.06409   0.00000   0.16116   0.00000   0.03125   0.12618   0.00000   0.12646   0.00000   0.14770   0.03226   0.02304   0.07229   0.03087   0.01023   0.00000   0.01060   0.02272   0.11799   0.03660   0.00000   0.04544   0.06268   0.07181   0.01377   0.06493   0.00000   0.00950   0.06893   0.03878   0.11942   0.05594   0.77651  
 54  1.7984   2026.307388  x:  0.06997   0.03563   0.04746   0.02339   0.01644   0.05206   0.13567   0.00000   0.00000   0.00000   0.00000   0.02076   0.08929   0.01631   0.05805   0.01590   0.05987   0.05045   0.05738   0.15043   0.13994   0.08421   0.07333   0.03419   0.03627   0.06429   0.00000   0.16205   0.00000   0.03128   0.12620   0.00000   0.12690   0.00000   0.14804   0.03214   0.02291   0.07386   0.03061   0.01015   0.00000   0.01062   0.02266   0.11775   0.03677   0.00000   0.04543   0.06296   0.06749   0.01355   0.06527   0.00000   0.00948   0.06865   0.03846   0.11950   0.05739   0.78139  
 55  0.2209   2025.306066  x:  0.08728   0.03835   0.04802   0.02569   0.01336   0.05006   0.14959   0.00000   0.00000   0.00000   0.00000   0.02056   0.11043   0.02069   0.06116   0.01685   0.05511   0.05632   0.05832   0.16848   0.14580   0.08762   0.07626   0.03893   0.04065   0.06858   0.00000   0.18285   0.00000   0.03254   0.12651   0.00000   0.13435   0.00000   0.15630   0.03250   0.01945   0.07380   0.03007   0.00954   0.00000   0.01013   0.02133   0.12108   0.04586   0.00000   0.04664   0.05968   0.07582   0.01445   0.06279   0.00000   0.00992   0.06865   0.03540   0.12784   0.05764   0.89003  
 56  7.5503   2025.305024  x:  0.08731   0.03838   0.04803   0.02569   0.01336   0.05014   0.14965   0.00000   0.00000   0.00000   0.00000   0.02057   0.11042   0.02070   0.06094   0.01686   0.05531   0.05635   0.05837   0.16852   0.14577   0.08772   0.07626   0.03891   0.04067   0.06888   0.00000   0.18288   0.00000   0.03254   0.12656   0.00000   0.13433   0.00000   0.15630   0.03250   0.01945   0.07269   0.03010   0.00954   0.00000   0.01014   0.02133   0.12111   0.04593   0.00000   0.04667   0.05979   0.07553   0.01444   0.06299   0.00000   0.00993   0.06882   0.03546   0.12792   0.05767   0.89024  
 57  1.5519   2025.163860  x:  0.08744   0.03753   0.04844   0.02240   0.01257   0.05019   0.15042   0.00000   0.00000   0.00000   0.00000   0.01999   0.10915   0.02159   0.05980   0.01645   0.05651   0.05632   0.05853   0.17035   0.14917   0.08632   0.07563   0.04010   0.04123   0.06921   0.00000   0.18702   0.00000   0.03073   0.13246   0.00000   0.13379   0.00000   0.15802   0.03168   0.02077   0.07434   0.03071   0.00965   0.00000   0.00930   0.02075   0.12154   0.04088   0.00000   0.04654   0.06455   0.07420   0.01454   0.06450   0.00000   0.01014   0.06861   0.03651   0.12842   0.05862   0.93179  
 58  0.0251   2025.130730  x:  0.08498   0.03739   0.04806   0.02256   0.01117   0.05033   0.14921   0.00000   0.00000   0.00000   0.00000   0.01994   0.10789   0.02131   0.05887   0.01668   0.05614   0.05584   0.05767   0.16862   0.14847   0.08705   0.07621   0.03903   0.04173   0.06809   0.00000   0.18551   0.00000   0.03015   0.13225   0.00000   0.13213   0.00000   0.15661   0.03079   0.01933   0.07364   0.03107   0.01017   0.00000   0.00965   0.01994   0.12028   0.04179   0.00000   0.04601   0.06338   0.07418   0.01432   0.06401   0.00000   0.00984   0.06851   0.03644   0.12673   0.05735   0.94712  
 59  0.0094   2025.116880  x:  0.08392   0.03742   0.04812   0.02232   0.01191   0.05076   0.14857   0.00000   0.00000   0.00000   0.00000   0.02013   0.10770   0.02089   0.05861   0.01659   0.05608   0.05574   0.05752   0.16729   0.14739   0.08677   0.07540   0.03769   0.04087   0.06762   0.00000   0.18378   0.00000   0.03011   0.13152   0.00000   0.13230   0.00000   0.15579   0.03083   0.02011   0.07339   0.03095   0.00968   0.00000   0.00976   0.01976   0.11987   0.04173   0.00000   0.04607   0.06276   0.07486   0.01401   0.06371   0.00000   0.00991   0.06875   0.03657   0.12544   0.05720   0.95827  
 60  0.0052   2025.109210  x:  0.08497   0.03754   0.04835   0.02260   0.01175   0.05046   0.14870   0.00000   0.00000   0.00000   0.00000   0.02027   0.10789   0.02040   0.05956   0.01666   0.05639   0.05598   0.05824   0.16851   0.14758   0.08665   0.07582   0.03661   0.04089   0.06876   0.00000   0.18429   0.00000   0.03036   0.13111   0.00000   0.13320   0.00000   0.15663   0.03107   0.02012   0.07383   0.03091   0.00996   0.00000   0.00995   0.02003   0.12046   0.04190   0.00000   0.04630   0.06298   0.07447   0.01438   0.06408   0.00000   0.00989   0.06840   0.03645   0.12633   0.05790   0.96809  
 61  0.0041   2025.107036  x:  0.08521   0.03740   0.04824   0.02246   0.01182   0.05032   0.14881   0.00000   0.00000   0.00000   0.00000   0.02013   0.10789   0.01996   0.05907   0.01661   0.05582   0.05595   0.05781   0.16862   0.14764   0.08682   0.07593   0.03601   0.04106   0.06846   0.00000   0.18465   0.00000   0.03035   0.13119   0.00000   0.13281   0.00000   0.15663   0.03114   0.01998   0.07364   0.03092   0.01000   0.00000   0.00987   0.02016   0.12061   0.04156   0.00000   0.04606   0.06308   0.07442   0.01428   0.06395   0.00000   0.01001   0.06846   0.03638   0.12650   0.05760   0.96666  
 62  0.0010   2025.106462  x:  0.08521   0.03746   0.04822   0.02248   0.01180   0.05047   0.14910   0.00000   0.00000   0.00000   0.00000   0.02012   0.10811   0.01976   0.05926   0.01657   0.05627   0.05590   0.05787   0.16876   0.14795   0.08705   0.07600   0.03595   0.04112   0.06836   0.00000   0.18497   0.00000   0.03040   0.13148   0.00000   0.13293   0.00000   0.15671   0.03119   0.02002   0.07377   0.03099   0.00995   0.00000   0.00989   0.02020   0.12065   0.04170   0.00000   0.04612   0.06317   0.07456   0.01426   0.06394   0.00000   0.00993   0.06862   0.03647   0.12652   0.05762   0.96472  
 63  0.0011   2025.106268  x:  0.08520   0.03749   0.04825   0.02243   0.01174   0.05048   0.14927   0.00000   0.00000   0.00000   0.00000   0.02013   0.10822   0.01964   0.05927   0.01657   0.05616   0.05599   0.05793   0.16873   0.14800   0.08707   0.07610   0.03604   0.04106   0.06850   0.00000   0.18494   0.00000   0.03034   0.13178   0.00000   0.13296   0.00000   0.15669   0.03114   0.02003   0.07376   0.03101   0.00991   0.00000   0.00988   0.02012   0.12064   0.04171   0.00000   0.04616   0.06310   0.07460   0.01428   0.06407   0.00000   0.00996   0.06858   0.03649   0.12649   0.05767   0.96548  
 64  0.0003   2025.106138  x:  0.08520   0.03747   0.04825   0.02247   0.01181   0.05042   0.14925   0.00000   0.00000   0.00000   0.00000   0.02014   0.10821   0.01952   0.05928   0.01657   0.05614   0.05597   0.05792   0.16872   0.14790   0.08703   0.07604   0.03623   0.04104   0.06848   0.00000   0.18486   0.00000   0.03037   0.13165   0.00000   0.13293   0.00000   0.15664   0.03111   0.02001   0.07374   0.03096   0.00996   0.00000   0.00989   0.02011   0.12065   0.04168   0.00000   0.04614   0.06313   0.07461   0.01426   0.06401   0.00000   0.00993   0.06853   0.03643   0.12645   0.05768   0.96529  
 65  0.0001   2025.106101  x:  0.08520   0.03747   0.04824   0.02246   0.01178   0.05046   0.14919   0.00000   0.00000   0.00000   0.00000   0.02014   0.10814   0.01949   0.05926   0.01656   0.05617   0.05596   0.05791   0.16872   0.14790   0.08700   0.07600   0.03630   0.04106   0.06846   0.00000   0.18491   0.00000   0.03040   0.13155   0.00000   0.13292   0.00000   0.15665   0.03113   0.02002   0.07374   0.03096   0.00994   0.00000   0.00990   0.02012   0.12065   0.04168   0.00000   0.04615   0.06311   0.07454   0.01426   0.06399   0.00000   0.00995   0.06856   0.03646   0.12647   0.05766   0.96570  
 66  0.0003   2025.106098  x:  0.08521   0.03747   0.04824   0.02246   0.01178   0.05046   0.14917   0.00000   0.00000   0.00000   0.00000   0.02013   0.10813   0.01949   0.05926   0.01657   0.05616   0.05596   0.05790   0.16872   0.14791   0.08698   0.07601   0.03631   0.04106   0.06845   0.00000   0.18493   0.00000   0.03040   0.13158   0.00000   0.13292   0.00000   0.15666   0.03114   0.02002   0.07374   0.03097   0.00993   0.00000   0.00989   0.02013   0.12064   0.04170   0.00000   0.04614   0.06312   0.07456   0.01427   0.06400   0.00000   0.00994   0.06856   0.03646   0.12648   0.05765   0.96582  
 67  0.0001   2025.106097  x:  0.08521   0.03747   0.04824   0.02246   0.01178   0.05046   0.14917   0.00000   0.00000   0.00000   0.00000   0.02013   0.10813   0.01949   0.05926   0.01657   0.05616   0.05595   0.05790   0.16871   0.14791   0.08698   0.07601   0.03631   0.04106   0.06845   0.00000   0.18492   0.00000   0.03040   0.13158   0.00000   0.13292   0.00000   0.15665   0.03114   0.02002   0.07374   0.03097   0.00993   0.00000   0.00989   0.02013   0.12064   0.04170   0.00000   0.04614   0.06312   0.07456   0.01427   0.06400   0.00000   0.00995   0.06856   0.03646   0.12648   0.05765   0.96582  
 68  0.0000   2025.106097  x:  0.08521   0.03747   0.04824   0.02246   0.01178   0.05046   0.14917   0.00000   0.00000   0.00000   0.00000   0.02013   0.10813   0.01949   0.05926   0.01657   0.05616   0.05595   0.05790   0.16871   0.14791   0.08698   0.07601   0.03631   0.04106   0.06845   0.00000   0.18492   0.00000   0.03040   0.13158   0.00000   0.13292   0.00000   0.15665   0.03114   0.02002   0.07374   0.03097   0.00993   0.00000   0.00989   0.02013   0.12064   0.04170   0.00000   0.04614   0.06311   0.07456   0.01427   0.06400   0.00000   0.00995   0.06856   0.03646   0.12647   0.05765   0.96582  
 69  0.0000   2025.106097  x:  0.08521   0.03747   0.04824   0.02246   0.01178   0.05046   0.14917   0.00000   0.00000   0.00000   0.00000   0.02013   0.10813   0.01949   0.05926   0.01657   0.05616   0.05595   0.05790   0.16871   0.14791   0.08698   0.07601   0.03631   0.04106   0.06845   0.00000   0.18492   0.00000   0.03040   0.13158   0.00000   0.13292   0.00000   0.15665   0.03114   0.02002   0.07374   0.03097   0.00993   0.00000   0.00989   0.02013   0.12064   0.04170   0.00000   0.04614   0.06311   0.07456   0.01427   0.06400   0.00000   0.00995   0.06856   0.03646   0.12647   0.05765   0.96582  
 70  0.0000   2025.106097  x:  0.08521   0.03747   0.04824   0.02246   0.01178   0.05046   0.14917   0.00000   0.00000   0.00000   0.00000   0.02013   0.10813   0.01949   0.05926   0.01657   0.05616   0.05595   0.05790   0.16871   0.14791   0.08698   0.07601   0.03631   0.04106   0.06845   0.00000   0.18492   0.00000   0.03040   0.13158   0.00000   0.13292   0.00000   0.15665   0.03114   0.02002   0.07374   0.03097   0.00993   0.00000   0.00989   0.02013   0.12064   0.04170   0.00000   0.04614   0.06311   0.07456   0.01427   0.06400   0.00000   0.00995   0.06856   0.03646   0.12647   0.05765   0.96582  
 71  0.0000   2025.106097  x:  0.08521   0.03747   0.04824   0.02246   0.01178   0.05046   0.14917   0.00000   0.00000   0.00000   0.00000   0.02013   0.10813   0.01949   0.05926   0.01657   0.05616   0.05595   0.05790   0.16871   0.14791   0.08698   0.07601   0.03631   0.04106   0.06845   0.00000   0.18492   0.00000   0.03040   0.13158   0.00000   0.13292   0.00000   0.15665   0.03114   0.02002   0.07374   0.03097   0.00993   0.00000   0.00989   0.02013   0.12064   0.04170   0.00000   0.04614   0.06311   0.07456   0.01427   0.06400   0.00000   0.00995   0.06856   0.03646   0.12647   0.05765   0.96582  